1 0.14296875 0.8640625 0.1296875 0.09375
1 0.2421875 0.6953125 0.0890625 0.15234375
1 0.37734375 0.60390625 0.06015625 0.11796875
1 0.590625 0.6234375 0.04765625 0.065625
1 0.65703125 0.5734375 0.04453125 0.05078125
2 0.1078125 0.628125 0.20546875 0.2171875
0 0.6078125 0.6328125 0.10078125 0.11953125
0 0.26484375 0.746875 0.1125 0.16328125
0 0.3984375 0.65078125 0.10078125 0.12578125
0 0.6546875 0.58359375 0.06640625 0.0921875
2 0.02109375 0.46328125 0.0421875 0.0640625
2 0.04609375 0.446875 0.059375 0.0546875
2 0.15546875 0.46015625 0.1953125 0.1078125