1 0.13203125 0.92265625 0.140625 0.1015625
1 0.2390625 0.73984375 0.096875 0.16484375
1 0.38671875 0.640625 0.065625 0.12890625
1 0.6171875 0.6609375 0.0515625 0.07109375
1 0.68984375 0.60703125 0.0484375 0.0546875
2 0.10234375 0.66484375 0.2046875 0.2359375
0 0.6359375 0.671875 0.109375 0.1296875
0 0.2640625 0.7953125 0.121875 0.17734375
0 0.409375 0.690625 0.109375 0.13671875
0 0.68671875 0.61796875 0.071875 0.1
2 0.01171875 0.4875 0.0234375 0.06953125
2 0.0296875 0.46953125 0.05859375 0.059375
2 0.14609375 0.484375 0.21171875 0.11640625