1 0.140625 0.8671875 0.13046875 0.09453125
1 0.23984375 0.69765625 0.08984375 0.153125
1 0.37578125 0.60546875 0.0609375 0.11875
1 0.58984375 0.625 0.04765625 0.06640625
1 0.65703125 0.575 0.04453125 0.05078125
2 0.1046875 0.6296875 0.20703125 0.21875
0 0.60703125 0.634375 0.1015625 0.11953125
0 0.2625 0.74921875 0.1125 0.1640625
0 0.396875 0.65234375 0.1015625 0.1265625
0 0.65390625 0.58515625 0.06640625 0.0921875
2 0.01953125 0.4640625 0.0390625 0.0640625
2 0.04296875 0.44765625 0.059375 0.0546875
2 0.153125 0.4609375 0.19609375 0.1078125