2 0.140625 0.46796875 0.28125 0.2328125
2 0.3046875 0.29765625 0.109375 0.07890625
2 0.40078125 0.203125 0.03828125 0.025
2 0.42265625 0.17734375 0.040625 0.0359375
2 0.615625 0.1234375 0.01171875 0.028125
2 0.63125 0.12421875 0.02265625 0.040625
2 0.6671875 0.12109375 0.053125 0.0515625
2 0.684375 0.11953125 0.059375 0.05859375
2 0.71328125 0.11796875 0.078125 0.0625
2 0.94453125 0.11171875 0.1109375 0.13984375
1 0.7078125 0.20390625 0.09140625 0.13984375
1 0.62421875 0.19609375 0.0203125 0.0609375
1 0.94765625 0.3046875 0.0953125 0.06328125
1 0.88984375 0.3203125 0.01796875 0.0296875
1 0.24296875 0.3109375 0.14921875 0.32890625