2 0.12109375 0.48203125 0.2421875 0.225
2 0.2640625 0.31640625 0.10625 0.0765625
2 0.35703125 0.22421875 0.03671875 0.02421875
2 0.378125 0.19921875 0.0390625 0.03515625
2 0.565625 0.146875 0.0109375 0.02734375
2 0.58046875 0.14765625 0.02265625 0.0390625
2 0.615625 0.14453125 0.0515625 0.05
2 0.63203125 0.14375 0.05703125 0.05625
2 0.6609375 0.14140625 0.07578125 0.06015625
2 0.915625 0.13515625 0.16875 0.1359375
1 0.65546875 0.225 0.08828125 0.1359375
1 0.57421875 0.21796875 0.01953125 0.059375
1 0.88828125 0.3234375 0.0921875 0.06171875
1 0.83203125 0.3375 0.01796875 0.02890625
1 0.20390625 0.32890625 0.1453125 0.31875