2 0.3796875 0.87890625 0.27109375 0.2421875
2 0.13984375 0.38203125 0.2796875 0.1875
2 0.1015625 0.0890625 0.203125 0.1125
1 0.89609375 0.80703125 0.2078125 0.3859375
1 0.88125 0.55703125 0.15 0.253125
1 0.85546875 0.3703125 0.12421875 0.23203125
1 0.84765625 0.190625 0.1234375 0.1390625
1 0.81953125 0.05859375 0.07265625 0.109375
1 0.65 0.11953125 0.053125 0.10390625
1 0.628125 0.24453125 0.0890625 0.1734375
1 0.53828125 0.446875 0.23046875 0.27734375
1 0.4765625 0.76015625 0.271875 0.4796875
1 0.40234375 0.10390625 0.096875 0.1640625
1 0.34765625 0.2578125 0.11328125 0.13515625
1 0.309375 0.365625 0.08359375 0.11328125
1 0.27421875 0.5171875 0.1609375 0.1625
1 0.14921875 0.61640625 0.2984375 0.48203125
1 0.046875 0.8546875 0.09296875 0.290625
1 0.065625 0.32734375 0.13046875 0.23046875
1 0.21953125 0.12734375 0.1203125 0.1734375
1 0.58046875 0.0546875 0.21171875 0.109375
1 0.9625 0.15625 0.07421875 0.23359375
1 0.98125 0.33203125 0.0375 0.30625