2 0.1359375 0.50078125 0.25546875 0.20859375
2 0.284375 0.346875 0.0984375 0.07109375
2 0.37109375 0.26171875 0.034375 0.021875
2 0.390625 0.23828125 0.03671875 0.0328125
2 0.5640625 0.190625 0.01015625 0.025
2 0.578125 0.190625 0.02109375 0.03671875
2 0.61015625 0.18828125 0.04765625 0.046875
2 0.62578125 0.18671875 0.053125 0.05234375
2 0.6515625 0.18515625 0.0703125 0.05625
2 0.89765625 0.1796875 0.17578125 0.125
1 0.646875 0.2625 0.08203125 0.12578125
1 0.571875 0.25546875 0.01796875 0.0546875
1 0.8625 0.353125 0.0859375 0.05703125
1 0.8109375 0.3671875 0.01640625 0.0265625
1 0.22890625 0.35859375 0.134375 0.29609375