2 0.89609375 0.38515625 0.20703125 0.2046875
2 0.66640625 0.38125 0.20390625 0.1296875
2 0.4671875 0.38671875 0.11953125 0.08828125
2 0.425 0.38125 0.090625 0.06875
2 0.37421875 0.38515625 0.07734375 0.065625
2 0.33359375 0.38671875 0.0234375 0.04375
2 0.2125 0.3859375 0.034375 0.025
2 0.19296875 0.38671875 0.009375 0.0171875
2 0.18671875 0.3875 0.00703125 0.01640625
2 0.1765625 0.3890625 0.0171875 0.01796875
2 0.0734375 0.41171875 0.015625 0.009375
1 0.90234375 0.74765625 0.1953125 0.2953125
1 0.69765625 0.5765625 0.2484375 0.30859375
1 0.4484375 0.55625 0.06328125 0.09921875
1 0.50703125 0.5578125 0.06796875 0.09140625
1 0.40859375 0.50390625 0.0546875 0.15859375
1 0.0046875 0.5109375 0.009375 0.021875
1 0.2140625 0.42421875 0.034375 0.06015625