1 0.52421875 0.46640625 0.0359375 0.08203125
1 0.36328125 0.471875 0.0515625 0.0625
1 0.29140625 0.5328125 0.07421875 0.08671875
1 0.509375 0.49375 0.02890625 0.128125
1 0.41328125 0.59453125 0.128125 0.1515625
1 0.39375 0.6984375 0.0734375 0.14375
1 0.33046875 0.746875 0.13359375 0.13046875
1 0.33046875 0.746875 0.13359375 0.13046875
1 0.23203125 0.8703125 0.21328125 0.20625
1 0.69296875 0.8921875 0.24765625 0.1828125
1 0.69765625 0.57265625 0.1296875 0.08984375
1 0.6515625 0.490625 0.028125 0.0609375
2 0.14921875 0.7578125 0.21953125 0.1296875
2 0.1953125 0.66953125 0.16796875 0.08984375
2 0.2578125 0.5984375 0.14765625 0.0953125
2 0.3140625 0.45390625 0.09921875 0.09765625
2 0.38671875 0.4203125 0.06328125 0.0703125
2 0.43515625 0.40625 0.04921875 0.03203125
2 0.51484375 0.41328125 0.07578125 0.04453125
2 0.6703125 0.3640625 0.06015625 0.03984375
2 0.77890625 0.390625 0.0484375 0.0578125
2 0.778125 0.753125 0.175 0.146875
2 0.62734375 0.74296875 0.146875 0.13828125
2 0.49921875 0.33828125 0.05 0.0234375