1 0.52109375 0.47578125 0.03671875 0.084375
1 0.35703125 0.48125 0.05234375 0.0640625
1 0.28359375 0.54375 0.07578125 0.0890625
1 0.50625 0.50390625 0.0296875 0.13125
1 0.4078125 0.60703125 0.13046875 0.1546875
1 0.38828125 0.71328125 0.075 0.146875
1 0.3234375 0.7625 0.13671875 0.13359375
1 0.3234375 0.7625 0.13671875 0.13359375
1 0.2234375 0.88828125 0.21796875 0.2109375
1 0.69375 0.9078125 0.253125 0.184375
1 0.6984375 0.584375 0.1328125 0.09140625
1 0.6515625 0.50078125 0.028125 0.0625
2 0.13828125 0.7734375 0.22421875 0.1328125
2 0.1859375 0.68359375 0.17109375 0.09140625
2 0.24921875 0.6109375 0.15078125 0.096875
2 0.30703125 0.46328125 0.10078125 0.1
2 0.38125 0.428125 0.06484375 0.071875
2 0.43046875 0.4140625 0.05078125 0.0328125
2 0.5125 0.421875 0.07734375 0.0453125
2 0.6703125 0.37109375 0.06171875 0.040625
2 0.78125 0.3984375 0.04921875 0.059375
2 0.78046875 0.76875 0.178125 0.15
2 0.6265625 0.75859375 0.15 0.14140625
2 0.49609375 0.34453125 0.05078125 0.0234375