2 0.89921875 0.37578125 0.2015625 0.2046875
2 0.6734375 0.3734375 0.20390625 0.1296875
2 0.47421875 0.37890625 0.11953125 0.08828125
2 0.43203125 0.37265625 0.090625 0.06875
2 0.38125 0.37734375 0.07734375 0.065625
2 0.340625 0.37890625 0.0234375 0.04375
2 0.21953125 0.37734375 0.034375 0.025
2 0.2 0.37890625 0.009375 0.0171875
2 0.19375 0.3796875 0.00703125 0.01640625
2 0.18359375 0.38125 0.0171875 0.01796875
2 0.08046875 0.403125 0.015625 0.009375
1 0.90546875 0.73828125 0.1890625 0.2953125
1 0.7046875 0.56875 0.2484375 0.30859375
1 0.45546875 0.5484375 0.06328125 0.09921875
1 0.5140625 0.55 0.06796875 0.09140625
1 0.415625 0.49609375 0.0546875 0.15859375
1 0.009375 0.50390625 0.015625 0.02109375
1 0.22109375 0.41640625 0.034375 0.06015625