1 0.59609375 0.66484375 0.0296875 0.04921875
1 0.60390625 0.70703125 0.0265625 0.0625
1 0.62578125 0.7546875 0.0390625 0.1015625
1 0.71328125 0.94921875 0.1796875 0.1015625
1 0.359375 0.9875 0.190625 0.025
2 0.28359375 0.91171875 0.14296875 0.12265625
2 0.4078125 0.91015625 0.13828125 0.1171875
2 0.31171875 0.828125 0.115625 0.07109375
2 0.34453125 0.77265625 0.10625 0.07578125
2 0.4 0.73359375 0.07578125 0.04609375
2 0.453125 0.69921875 0.08203125 0.05078125
2 0.39453125 0.69453125 0.06640625 0.05078125
2 0.475 0.634375 0.06328125 0.04609375
2 0.371875 0.63515625 0.0625 0.07734375
2 0.4046875 0.61171875 0.04296875 0.05703125
2 0.4640625 0.5671875 0.04453125 0.02109375
2 0.675 0.646875 0.0390625 0.03203125
2 0.775 0.86953125 0.14453125 0.11015625
2 0.6828125 0.89296875 0.1578125 0.15
2 0.66328125 0.53203125 0.03125 0.04375