1 0.5515625 0.64453125 0.03125 0.05078125
1 0.56015625 0.6890625 0.02734375 0.06484375
1 0.5828125 0.73828125 0.040625 0.10546875
1 0.675 0.94453125 0.18828125 0.1109375
1 0.30546875 0.98359375 0.1984375 0.0328125
2 0.22734375 0.9015625 0.14921875 0.128125
2 0.35625 0.90078125 0.14375 0.12265625
2 0.25625 0.81484375 0.1203125 0.07421875
2 0.28984375 0.75703125 0.11015625 0.0796875
2 0.34765625 0.715625 0.07890625 0.0484375
2 0.40390625 0.68046875 0.08515625 0.053125
2 0.3421875 0.67578125 0.06875 0.053125
2 0.42578125 0.6125 0.065625 0.04765625
2 0.31875 0.61328125 0.06484375 0.08125
2 0.353125 0.5890625 0.04453125 0.059375
2 0.41484375 0.5421875 0.046875 0.021875
2 0.634375 0.62578125 0.040625 0.03359375
2 0.7375 0.8578125 0.15078125 0.11484375
2 0.6421875 0.8828125 0.1640625 0.15625
2 0.621875 0.50546875 0.03203125 0.04609375