2 0.35234375 0.8296875 0.25 0.25859375
2 0.13046875 0.3546875 0.259375 0.1734375
2 0.95390625 0.13984375 0.08671875 0.1609375
2 0.09453125 0.084375 0.1890625 0.103125
1 0.84609375 0.78125 0.225 0.42890625
1 0.81328125 0.51328125 0.13828125 0.23203125
1 0.790625 0.3421875 0.11484375 0.2125
1 0.7828125 0.17734375 0.1140625 0.12734375
1 0.75703125 0.05625 0.06640625 0.1
1 0.60078125 0.1125 0.04921875 0.0953125
1 0.58046875 0.22734375 0.0828125 0.15859375
1 0.49765625 0.4125 0.2125 0.25390625
1 0.4421875 0.7390625 0.2515625 0.5125
1 0.37265625 0.09765625 0.0890625 0.15078125
1 0.321875 0.2390625 0.1046875 0.12421875
1 0.28671875 0.33828125 0.07734375 0.10390625
1 0.2546875 0.4765625 0.1484375 0.1484375
1 0.13828125 0.56796875 0.2765625 0.44140625
1 0.04375 0.825 0.0875 0.34140625
1 0.06171875 0.30390625 0.12265625 0.2109375
1 0.20390625 0.11953125 0.1109375 0.15859375
1 0.5375 0.0515625 0.1953125 0.103125
1 0.9 0.146875 0.0890625 0.2125
1 0.94296875 0.309375 0.1078125 0.28125