1 0.5140625 0.46484375 0.0375 0.08515625
1 0.34765625 0.4703125 0.053125 0.06484375
1 0.27265625 0.534375 0.0765625 0.08984375
1 0.49921875 0.49375 0.03046875 0.1328125
1 0.39921875 0.5984375 0.1328125 0.15703125
1 0.3796875 0.70625 0.07578125 0.14921875
1 0.31328125 0.75625 0.1390625 0.13515625
1 0.31328125 0.75625 0.1390625 0.13515625
1 0.21171875 0.88359375 0.22109375 0.2140625
1 0.6890625 0.90546875 0.25703125 0.1890625
1 0.69453125 0.57578125 0.134375 0.09296875
1 0.64609375 0.490625 0.02890625 0.06328125
2 0.125 0.7671875 0.228125 0.134375
2 0.1734375 0.6765625 0.17421875 0.09296875
2 0.23828125 0.60234375 0.153125 0.0984375
2 0.296875 0.45234375 0.10234375 0.10078125
2 0.371875 0.4171875 0.065625 0.07265625
2 0.421875 0.403125 0.0515625 0.03359375
2 0.50546875 0.41015625 0.07890625 0.04609375
2 0.66640625 0.359375 0.0625 0.04140625
2 0.77890625 0.38671875 0.05 0.06015625
2 0.778125 0.7625 0.18125 0.15234375
2 0.62109375 0.75234375 0.15234375 0.14375
2 0.4890625 0.33203125 0.0515625 0.02421875