2 0.89609375 0.3796875 0.20390625 0.2015625
2 0.6703125 0.3765625 0.20078125 0.128125
2 0.47421875 0.38125 0.11796875 0.08671875
2 0.4328125 0.37578125 0.0890625 0.0671875
2 0.3828125 0.38046875 0.0765625 0.0640625
2 0.3421875 0.38203125 0.02265625 0.04296875
2 0.2234375 0.38046875 0.03359375 0.02421875
2 0.20390625 0.38203125 0.009375 0.0171875
2 0.1984375 0.3828125 0.00703125 0.01640625
2 0.18828125 0.38359375 0.01640625 0.01796875
2 0.08671875 0.40546875 0.015625 0.009375
1 0.903125 0.73671875 0.1921875 0.290625
1 0.70078125 0.56796875 0.24453125 0.30390625
1 0.45546875 0.5484375 0.0625 0.09765625
1 0.51328125 0.55 0.0671875 0.08984375
1 0.41640625 0.496875 0.05390625 0.15546875
1 0.01640625 0.5046875 0.015625 0.0203125
1 0.225 0.41875 0.034375 0.059375