1 0.5859375 0.65 0.02890625 0.046875
1 0.59375 0.690625 0.025 0.059375
1 0.6140625 0.7359375 0.0375 0.096875
1 0.6984375 0.934375 0.17265625 0.11953125
1 0.36015625 0.9703125 0.18203125 0.0484375
2 0.28828125 0.88515625 0.13671875 0.1171875
2 0.40625 0.884375 0.13125 0.11171875
2 0.31484375 0.80546875 0.11015625 0.06796875
2 0.3453125 0.753125 0.10078125 0.07265625
2 0.3984375 0.715625 0.071875 0.04453125
2 0.45 0.6828125 0.078125 0.0484375
2 0.39375 0.67890625 0.06328125 0.0484375
2 0.4703125 0.62109375 0.06015625 0.04375
2 0.371875 0.621875 0.059375 0.07421875
2 0.40390625 0.59921875 0.04140625 0.0546875
2 0.46015625 0.55703125 0.04296875 0.0203125
2 0.6609375 0.6328125 0.0375 0.03046875
2 0.75625 0.8453125 0.13828125 0.1046875
2 0.66875 0.86796875 0.15078125 0.14296875
2 0.64921875 0.5234375 0.0296875 0.0421875