2 0.328125 0.8546875 0.26875 0.27890625
2 0.1140625 0.34140625 0.228125 0.1859375
2 0.96328125 0.1109375 0.0734375 0.1734375
2 0.0765625 0.05390625 0.15234375 0.1078125
1 0.85703125 0.7859375 0.24140625 0.428125
1 0.8234375 0.51484375 0.14921875 0.25
1 0.7984375 0.3296875 0.1234375 0.2296875
1 0.790625 0.15234375 0.121875 0.1375
1 0.7625 0.0375 0.071875 0.075
1 0.59453125 0.08203125 0.05234375 0.103125
1 0.5734375 0.20625 0.08828125 0.17109375
1 0.484375 0.40546875 0.228125 0.2734375
1 0.42265625 0.7390625 0.2703125 0.521875
1 0.35 0.0734375 0.0953125 0.146875
1 0.2953125 0.21875 0.1125 0.13359375
1 0.2578125 0.325 0.0828125 0.11171875
1 0.22265625 0.475 0.159375 0.16015625
1 0.1234375 0.5734375 0.246875 0.47578125
1 0.021875 0.83203125 0.04375 0.33515625
1 0.040625 0.2875 0.08046875 0.22734375
1 0.16875 0.08984375 0.11875 0.17109375
1 0.52578125 0.0359375 0.209375 0.071875
1 0.915625 0.11953125 0.0953125 0.2296875
1 0.95234375 0.2921875 0.0953125 0.30234375