2 0.01484375 0.3859375 0.02890625 0.025
2 0.02421875 0.36171875 0.01875 0.0296875
2 0.23515625 0.3140625 0.0171875 0.03359375
2 0.33828125 0.3171875 0.0734375 0.05703125
2 0.59609375 0.33828125 0.14609375 0.1203125
2 0.76328125 0.35078125 0.21015625 0.1546875
2 0.95234375 0.36953125 0.09453125 0.17109375
2 0.26171875 0.3125 0.04453125 0.03828125
2 0.28671875 0.31484375 0.05078125 0.0453125
2 0.30859375 0.3171875 0.0546875 0.05546875
1 0.33671875 0.3828125 0.0796875 0.103125
1 0.5640625 0.5140625 0.0984375 0.0640625